20070104
20070111
20070118
20070125
20070201
20070208
20070215
20070222
20070301
20070308
20070315
20070322
20070329
20070405
20070412
20070419
20070426
20070503
20070510
20070517
20070524
20070531
20070607
20070614
20070621
20070628
20070705
20070712
20070719
20070726
20070802
20070809
20070816
20070823
20070830
20070906
20070913
20070920
20070927
20071004
20071011
20071018
20071025
20071101
20071108
20071115
20071123
20071129
20071206
20071213
20071220
20071227
20080103
20080110
20080117
20080124
20080131
20080207
20080214
20080221
20080228
20080306
20080313
20080320
20080327
20080403
20080410
20080417
20080424
20080501
20080508
20080515
20080522
20080529
20080605
20080612
20080619
20080626
20080703
20080710
20080717
20080724
20080731
20080807
20080814
20080821
20080828
20080904
20080911
20080918
20080925
20081002
20081009
20081016
20081023
20081030
20081106
20081113
20081120
20081128
20081204
20081211
20081218
20081229
20090102
20090108
20090115
20090122
20090129
20090205
20090212
20090219
20090226
20090305
20090312
20090319
20090326
20090402
20090409
20090416
20090423
20090430
20090507
20090514
20090521
20090528
20090604
20090611
20090618
20090625
20090702
20090709
20090716
20090723
20090730
20090806
20090813
20090820
20090827
20090903
20090910
20090917
20090924
20091001
20091008
20091015
20091022
20091029
20091105
20091112
20091119
20091127
20091203
20091210
20091217
20091228
20091231
20100107
20100114
20100121
20100128
20100204
20100211
20100218
20100225
20100304
20100311
20100318
20100325
20100401
20100408
20100415
20100422
20100429
20100506
20100513
20100520
20100527
20100603
20100610
20100617
20100624
20100701
20100708
20100715
20100722
20100729
20100805
20100812
20100819
20100826
20100902
20100909
20100916
20100923
20100930
20101007
20101014
20101021
20101028
20101104
20101112
20101118
20101126
20101202
20101209
20101216
20101223
20101230
20110106
20110113
20110120
20110127
20110203
20110210
20110217
20110224
20110303
20110310
20110317
20110324
20110331
20110407
20110414
20110421
20110428
20110505
20110512
20110519
20110526
20110602
20110609
20110616
20110623
20110630
20110707
20110714
20110721
20110728
20110804
20110811
20110818
20110825
20110901
20110908
20110915
20110922
20110929
20111006
20111013
20111020
20111027
20111103
20111110
20111117
20111125
20111201
20111208
20111215
20111222
20111229
20120105
20120112
20120119
20120126
20120202
20120209
20120216
20120223
20120301
20120308
20120315
20120322
20120329
20120405
20120412
20120419
20120426
20120503
20120510
20120517
20120524
20120531
20120607
20120614
20120621
20120628
20120705
20120712
20120719
20120726
20120802
20120809
20120816
20120823
20120830
20120906
20120913
20120920
20120927
20121004
20121011
20121018
20121025
20121101
20121108
20121115
20121123
20121129
20121206
20121213
20121220
20121227
20130103
20130110
20130117
20130124
20130131
20130207
20130214
20130221
20130228
20130307
20130314
20130321
20130328
20130404
20130411
20130418
20130425
20130502
20130509
20130516
20130523
20130530
20130606
20130613
20130620
20130627
20130705
20130711
20130718
20130725
20130801
20130808
20130815
20130822
20130829
20130905
20130912
20130919
20130926
20131003
20131010
20131017
20131024
20131031
20131107
20131114
20131121
20131129
20131205
20131212
20131219
20131226
20140102
20140109
20140116
20140123
20140130
20140206
20140213
20140220
20140227
20140306
20140313
20140320
20140327
20140403
20140410
20140417
20140424
20140501
20140508
20140515
20140522
20140529
20140605
20140612
20140619
20140626
20140703
20140710
20140717
20140724
20140731
20140807
20140814
20140821
20140828
20140904
20140911
20140918
20140925
20141002
20141009
20141016
20141023
20141030
20141106
20141113
20141120
20141128
20141204
20141211
20141218
20141229
20150102
20150108
20150115
20150122
20150129
20150205
20150212
20150219
20150226
20150305
20150312
20150319
20150326
20150402
20150409
20150416
20150423
20150430
20150507
20150514
20150521
20150528
20150604
20150611
20150618
20150625
20150702
20150709
20150716
20150723
20150730
20150806
20150813
20150820
20150827
20150903
20150910
20150917
20150924
20151001
20151008
20151015
20151022
20151029
20151105
20151112
20151119
20151127
20151203
20151210
20151217
20151224
20151231
20160107
20160114
20160121
20160128
20160204
20160211
20160218
20160225
20160303
20160310
20160317
20160324
20160331
20160407
20160414
20160421
20160428
20160505
20160512
20160519
20160526
20160602
20160609
20160616
20160623
20160630
20160707
20160714
20160721
20160728
20160804
20160811
20160818
20160825
20160901
20160908
20160915
20160922
20160929
20161006
20161013
20161020
20161027
20161103
20161110
20161118
20161125
20161201
20161208
20161215
20161222
20161229
20170105
20170112
20170119
20170126
20170202
20170209
20170216
20170223
20170302
20170309
20170316
20170323
20170330
20170406
20170413
20170420
20170427
20170504
20170511
20170518
20170525
20170601
20170608
20170615
20170622
20170629
20170706
20170713
20170720
20170727
20170803
20170810
20170817
20170824
20170831
20170907
20170914
20170921
20170928
20171005
20171012
20171019
20171026
20171102
20171109
20171116
20171124
20171130
20171207
20171214
20171221
20171228
20180104
20180111
20180118
20180125
20180201
20180208
20180215
current
